5.450773594606204142e+00 1.013930080874234224e-01
2.883070258245962414e+00 2.085615401079319031e-01
3.887351549095233727e-01 1.492366693610122086e+00
-1.108600143153170681e+00 3.916061994535443347e+00
1.109357621594182719e+00 1.477154775499755601e+00
-2.628564873336912022e+00 2.088037707408483823e-01
-1.780312757079558272e+00 5.583818347824629491e-01
7.052898470847044621e+01 1.403780818347376280e-03
-1.820697121287003784e-01 2.815275125431182524e+00
-8.658217893309938518e-01 9.577359544845623907e-01
2.375160397172225046e+00 4.104775360672152096e-01
4.865161804796862555e-01 2.133819274456810078e+00
-2.211555411663328918e+00 4.760376440102229156e-01
9.728888035186473715e-01 1.059016453127944013e+00
-4.717332724143395772e+00 2.183906324162393497e-01
-1.271372589936626607e+00 2.339580731250622270e-01
-1.887369736982820001e+01 9.339359581187858458e-03
-1.293335942774085368e+00 4.168356318155692075e-01
-6.610409162732975297e-01 7.612456004914107233e+00
1.356432676140028981e+01 5.168846231846505046e-03
